camera_matrix:
- - 491.31978406187216
  - 0.0
  - 314.838587374952
- - 0.0
  - 494.14386926305934
  - 239.3246303950676
- - 0.0
  - 0.0
  - 1.0
dist_coeff:
- - 0.0835490581434409
  - -0.07716891918460338
  - -0.0036037276546621744
  - -0.01086324409183674
  - -0.28017583892466696
