camera_matrix:
- - 496.0735590961593
  - 0.0
  - 329.2122796817178
- - 0.0
  - 496.7223277861052
  - 221.80382262939162
- - 0.0
  - 0.0
  - 1.0
dist_coeff:
- - 0.08966544814512492
  - -0.1024516965290379
  - -0.012449087593015004
  - 0.003098679096384888
  - -0.08153962633145921
